00100100100000000000000000000000000000000000000000
00000100100000110001000000010000000000000000000000
00000111011000000000100000011011000000000000000000
00000110001000000000100000011011000000000000000000
00110101000000000000000000000000000000000000000000
00000100100000110001000000010000010000000000000000
00000110011000000000100000011011000011000000000000
00000101111000000000100000011011000011000000000000
00001011001000000000000000000000000010010000000000
00000100100000110001000000010000100000000000000000
01011010000100000000000000000000000010101000101001
01011010000100000000000000000000000010101000101001
00000100100000001000001000011000000000000000000000
00000100100000110000010000010000000000000000000000
00000100100000100000100000000101000001000000000000
00000111001000000000100000000000000010000000000000
00010100000000000000000000000000001110000000000000
00010100010000000000000000000000001100000000000000
01001000011000001100000000000000000010000000000000
01001000011000001100000000000000000010000000000000
00000100100000101100001001011000000000000000000000
00000100100000101100001001000110000001000000000000
00000100100000001000001000000101000001000000000000
00000100000100000001000000000000110010000000000000
00000100010100000001000000000000110000000000000000
00010110010100000000000000000000001010000000000000
00001001010100000100000000000000000010000000000000
00000100100000110010000000000000000010000000000000
00010111000100100100000001000000001010000000000000
00010111010100000000000000000000001000000000000000
00000100100000001010000100000000000010000000000000
00000100100000110010000000000000000000000000000000
10000000000001000000000000000000000000000000000000
00011000010100000000000000000000001010000000000000
01001000011000001100000000000000000010000000000000
00001000000010000010000000000000000010000000000000
00011001000000000000000000000000001110000000000000
00011001010000000000000000000000000110000000000000
00000110101000101000001110000000000010010000000000
00001100011000000000000000000000000010000000000100
00001001001000100000000010000000000010011000100000
01011010000100000000000000000000000010101000101010
00001100000000000010000000000000000010000010000000
00001011011000100000000010000000000010011001000000
00011011000100000000000000000000001000000000000000
00011011010100000000000000000000001010000000000000
00001010110000001010000100000000000010001001000000
00001010100000100000000010000000000000010000000000
01011000100000000000000000000000000000000000000000
00011100010100000000000000000000001010000000000000
00001000100000100000000010000000000000010000000000
00000100100000001010000100000000000010000000000000
00000000000000000000000000000000000000000000000000
00000000000000000000000000000000000000000000000000
00000000000000000000000000000000000000000000000000
00000000000000000000000000000000000000000000000000
00001010000000000000000000100000000000000110010000
00000000000000000000000000000000000000000000000000
00000000000000000000000000000000000000000000000000
00000000000000000000000000000000000000000000000000
00000000000000000000000000000000000000000000000000
00000000000000000000000000000000000000000000000000
00000000000000000000000000000000000000000000000000
00000000000000000000000000000000000000000000000000
