001001001000000000000000000000000000000000000000000000000
000001001000000110001000000010000000000000000000000000000
000001110101000000000100000011011000000000000000000110000
000001100001000000000100000011011000100000000000000110000
001101010000000000000000000000000000000000000000000000000
000001001000000110001000000010000010000000000000000000000
000001100101000000000100000011011000011000000000000110000
000001011101000000000100000011011000111000000000000110000
000010110001000000000000000000000000010010000000000110000
000001001000000110001000000010000100000000000000000000000
010110100000100000000000000000000000010101000101001000001
010110100000100000000000000000000000010101000101001000001
000001001000000001000001000011000000000000000000000000000
000001001000000110000010000010000000000000000000000000000
000001001000000100000100000000101000001000000000000000000
000001110001000000000100000000000000010000000000000110000
000101000000000000000000000000000001110000000000000000000
000101000100000000000000000000000001100000000000000000000
010010000101000001100000000000000000010000000000000110000
010010000101000001100000000000000000010000000000000110000
000001001000000101100001001011000000000000000000000000000
000001001000000101100001001000110000001000000000000000000
000001001000000001000001000000101000001000000000000000000
000001000000100000001000000000000110010000000000000000000
000001000100100000001000000000000110000000000000000000000
000101100100100000000000000000000001010000000000000000000
000010010100100000100000000000000000010000000000000000000
000001001000000110010000000000000000010000000000000000000
000101110000100100100000001000000001010000000000000000000
000101110100100000000000000000000001000000000000000000000
000001001000000001010000100000000000010000000000000000000
000001001000000110010000000000000000000000000000000000000
100000000000001000000000000000000000000000000000000000000
000110000100100000000000000000000001010000000000000000000
010010000101000001100000000000000000010000000000000110000
000010000000010000010000000000000000010000000000000000000
000110010000000000000000000000000001110000000000000000000
000110010100000000000000000000000000110000000000000000000
000001101001000101000001110000000000110010000000000110000
000011000101000000000000000000000000010000000000100110000
000011101101000100000000010000000000110011000100000110000
010110100000100000000000000000000000010101000101010000001
000011000000000000010000000000000000010000010000000000000
000010110101000100000000010000000000010011001000000110000
000110110000100000000000000000000001000000000000000000000
000110110100100000000000000000000001010000000000000000000
000010101100000001010000100000000000010001001000000000000
000010101000000100000000010000000000000010000000000000000
010110001000000000000000000000000000000000000000000000000
000111000100100000000000000000000001010000000000000000000
000010001000000100000000010000000000000010000000000000000
000001001000000001010000100000000000010000000000000000000
000111010000100000000000000000000001010000000000000000000
000111010100100000000000000000000001010000000000000000000
000011110000000000000000000000000000000000000000000000010
000011110000000000000000000000000000000000000000000000110
000010100000000000000000000100000000000000110010000000000
000011010010000000000000000000000000000000000000000000000
000011010110000000000000000000000000000000000000000000000
000010010000100000000000000000000000000000000000000000000
000111110000000000000000000000000001110000000000000000000
000000000000000000000000000000000000000000000000000000000
100000000011000000000000000000000000000000000000000001000
000000000000000000000000000000000000000000000000000000000
